# Fichero de entrada: Temperaturas diarias por mes
# Filas: Meses (1 a 12)
# Columnas: Días del mes (1 a 31)
# Valores: Temperaturas en grados Celsius
# Nota: Los valores -99 indican días no existentes en meses con menos de 31 días.

Enero 10 12 15 14 11 10 9 8 12 14 16 17 15 13 11 9 10 12 13 15 14 13 12 11 10 9 8 7 6 5
Febrero 11 13 14 15 16 14 13 12 13 14 15 14 13 12 11 10 9 8 7 6 5 4 3 2 1
Marzo 20 22 19 18 17 16 15 14 13 14 15 16 17 18 19 20 21 22 23 24 25 26 27 28 29 30 31
Abril 22 21 20 19 18 17 16 15 14 13 12 11 10 9 8 7 6 5 4 3 2 1
Mayo 15 16 14 13 12 11 10 9 8 7 6 5 4 3 2 1
Junio 30 29 28 27 26 25 24 23 22 21 20 19 18 17 16 15 14 13 12 11 10 9 8 7 6 5 4 3 2 1
Julio 25 26 27 28 29 30 31 32 33 34 35 36 37 38 39 40 41 42 43 44 45 46 47 48 49 50
Agosto 32 31 30 29 28 27 26 25 24 23 22 21 20 19 18 17 16 15 14 13 12 11 10 9 8 7 6 5
Septiembre 28 27 26 25 24 23 22 21 20 19 18 17 16 15 14 13 12 11 10 9 8 7 6 5 4 3 2 1
Octubre 20 21 22 23 24 25 26 27 28 29 30 31 30 29 28 27 26 25 24 23 22 21 20 19 18 17
Noviembre 15 14 13 12 11 10 9 8 7 6 5 4 3 2 1
Diciembre 5 6 7 8 9 10 11 12 13 14 15 16 17 18 19 20 21 22 23 24 25 26 27 28 29 30
